successfully restored the previous session!
[[ 174.24171448  147.5       ]
 [ 174.24171448  147.5       ]
 [ 225.06072998  190.        ]
 [  74.45903778   55.        ]
 [  73.81721497   46.        ]
 [  73.81721497   46.        ]
 [  73.81721497   46.        ]
 [  73.81721497   46.        ]
 [  73.81721497   46.        ]
 [  73.81721497   46.        ]
 [  73.81721497   46.        ]
 [  73.81721497   46.        ]
 [  58.35042572   29.        ]
 [  46.90338898   76.5       ]
 [ 112.73947144  205.        ]
 [  73.76260376   60.        ]
 [  73.75917053   46.        ]
 [  73.69773865   46.        ]
 [  54.09737015   15.        ]
 [  84.07670593  130.        ]
 [ 131.93121338  148.        ]
 [  73.76703644  107.        ]
 [ 164.00628662  170.        ]
 [ 189.73776245  255.        ]
 [  73.63331604   38.        ]]
encoder total cost:  31.6872
['prediction ', ' target ']
[[ 152.77519226  156.69999695]
 [ 185.17538452  195.88000488]
 [ 277.8135376   246.6000061 ]
 [  54.92775726   41.99000168]
 [  51.75608444   48.60100174]
 [  61.89878464   62.33300018]
 [  56.45339966   57.60100174]
 [  48.10965729   48.60100174]
 [  56.05299759   57.60100174]
 [  61.89878464   62.33332825]
 [  56.05299759   58.40000153]
 [  46.31070709   48.77000046]
 [  34.11109161   30.10000038]
 [  82.45493317   76.1989975 ]
 [ 108.34738922  106.44000244]
 [  62.67318726   56.69900131]
 [  52.01178741   24.78989983]
 [  53.33637238   51.50999832]
 [  29.25003052    8.10999966]
 [ 130.44508362  125.15000153]
 [ 145.97583008  141.56599426]
 [  94.40968323  100.6289978 ]
 [ 158.65733337  156.1000061 ]
 [ 247.43685913  247.3999939 ]
 [  47.33571243   41.30099869]]
decoder total cost:  6.54751
