successfully restored the previous session!
[[  73.81466675   52.5       ]
 [  73.81466675   52.5       ]
 [  73.81466675   52.5       ]
 [  73.81466675   52.5       ]
 [  79.44438171   60.        ]
 [  79.44438171   60.        ]
 [  32.83171844   19.        ]
 [  73.15301514   68.        ]
 [ 176.10536194  173.        ]
 [  81.72192383  140.        ]
 [ 187.45393372  203.        ]
 [ 166.08114624  142.5       ]
 [  73.75769043   54.        ]
 [  73.75769043   54.        ]
 [  73.75769043   54.        ]
 [  73.75769043   54.        ]
 [  73.75769043   54.        ]
 [  73.75769043   54.        ]
 [  73.69132996   45.        ]
 [ 174.91651917  190.        ]
 [ 169.82749939  168.        ]
 [ 177.17425537  119.        ]
 [ 113.39329529  134.        ]
 [ 107.98062134  120.        ]
 [ 195.51454163  232.5       ]
 [ 170.30580139  120.        ]
 [  39.73622894   70.        ]
 [  73.9295578    99.        ]
 [ 183.71914673  216.        ]
 [  88.43112183  110.        ]
 [  39.35401154   34.5       ]
 [ 246.58302307  223.        ]
 [ 175.87696838  140.        ]
 [ 177.86073303  126.5       ]
 [ 123.51139832  105.        ]
 [ 261.7897644   338.        ]
 [ 264.10812378  287.        ]
 [ 264.11962891  327.        ]
 [ 268.52059937  374.        ]
 [ 227.9032135   550.        ]
 [ 233.60690308  190.        ]
 [ 240.72735596  277.        ]
 [  39.3611412    70.        ]
 [  39.3611412    70.        ]
 [ 242.49110413  650.0300293 ]
 [ 220.82540894  523.        ]
 [ 220.82540894  523.        ]
 [ 220.82540894  523.        ]
 [ 250.2905426   685.        ]
 [ 250.2905426   685.        ]]
encoder total cost:  74.869
['prediction ', ' target ']
[[  54.63945007   57.56689835]
 [  52.44197464   57.29990005]
 [  54.23954391   57.56689835]
 [  48.57646561   48.08998871]
 [ 106.63412476   73.69000244]
 [ 120.48633575   95.69999695]
 [  28.77135277   14.77770042]
 [  76.1120224    61.59989929]
 [ 173.98704529  163.89900208]
 [ 166.10183716  156.15499878]
 [ 200.45707703  191.11000061]
 [ 123.71427155  121.11000061]
 [  58.60887909   57.11000061]
 [  58.60887909   57.11000061]
 [  55.87605667   56.81999969]
 [  41.45775986   44.81999969]
 [  56.78699875   56.73099899]
 [  45.05291367   47.51100159]
 [  41.83761215   42.08998871]
 [ 181.33285522  179.05000305]
 [ 163.5572052   162.        ]
 [ 132.72650146  131.        ]
 [ 139.37387085  132.55000305]
 [ 121.45824432  123.99990082]
 [ 228.3442688   207.11000061]
 [ 105.02615356  108.05999756]
 [  86.42020416   83.80000305]
 [ 103.74907684   86.91549683]
 [ 182.70292664  195.        ]
 [  91.73579407   88.90000153]
 [  31.7742424    38.90000153]
 [ 334.9574585   290.        ]
 [ 168.22676086  156.46310425]
 [ 118.64198303  112.80000305]
 [ 111.1301651   110.        ]
 [ 327.2545166   333.        ]
 [ 263.46450806  281.79000854]
 [ 316.01031494  318.5       ]
 [ 461.86709595  422.79998779]
 [ 465.37307739  464.25      ]
 [ 272.87451172  284.11999512]
 [ 255.59597778  276.9750061 ]
 [  63.95463562   55.45999908]
 [  66.08664703   55.88000107]
 [ 565.60284424  518.7598877 ]
 [ 489.64764404  387.92001343]
 [ 555.58764648  513.33001709]
 [ 563.85705566  600.        ]
 [ 638.1887207   670.09997559]
 [ 690.65612793  528.91998291]]
decoder total cost:  16.4639
